8 4.3841584158415845 -343.33069306930696 -0.22425734776629347 
9 4.30453460620526 -329.9455847255383 -0.22826420860932473 
10 4.384158415841585 -343.33069306930696 -0.22425734776629347 
11 6.288384512683558 -936.7449933244286 -0.1577028499720987 
12 6.18972332015803 -915.9130434782446 -0.16017410968137535 
13 6.288384512683563 -936.7449933244297 -0.1577028499720985 
14 8.586206896551719 -1726.551724137931 -0.11594351554400983 
15 8.586206896551719 -1726.551724137931 -0.11594351554400983 
16 8.586206896551719 -1726.5517241379303 -0.11594351554400983 
17 -13.499999999999755 5639.999999999901 0.07393903765794163 
18 -15.789473684210474 6524.842105263139 0.06324885753307341 
19 -15.789473684210263 6524.842105263057 0.0632488575330743 
20 -24.444444444443732 9534.222222221952 0.04088629261014676 
21 -24.444444444444255 9534.222222222148 0.04088629261014587 
22 -24.000000000000338 9366.000000000118 0.041642579098587706 
23 -5.9356376638855535 3092.15971394516 0.16690654532628457 
24 -6.001824262693839 3121.42292490119 0.16509938759876386 
25 -5.935637663885601 3092.159713945182 0.16690654532628324 
26 -3.727810650887554 2309.2189349112327 0.2620837258405919 
27 -3.727810650887536 2309.2189349112246 0.26208372584059303 
28 -3.7278106508875997 2309.2189349112546 0.2620837258405888 
29 -2.951085325597682 2030.5603681104346 0.3267148294239717 
30 -2.943925233644877 2026.6822429906638 0.32745391460883 
34 -2.864019253910953 2090.3393501805067 0.3359259942463506 
35 -2.864019253910944 2090.339350180502 0.3359259942463515 
36 -2.8640192539109455 2090.339350180502 0.3359259942463515 
40 -2.400000000000004 1886.4000000000017 0.3947911196997609 
41 -2.400000000000001 1886.4000000000003 0.39479111969976133 
42 -2.40000000000001 1886.400000000005 0.39479111969976 
43 3.9999999999999916 -291.99999999999847 -0.24497866312686467 
44 3.999999999999989 -291.9999999999984 -0.24497866312686467 
45 4.000000000000004 -292.00000000000085 -0.24497866312686378 
46 3.007263922518149 165.34140435835437 -0.32102574176686627 
47 3.0072639225181574 165.34140435835337 -0.3210257417668654 
48 3.0072639225181717 165.3414043583522 -0.32102574176686405 
49 2.5330490405117305 276.3070362473346 -0.3759992834674841 
50 2.585106382978724 272.55319148936167 -0.369102737460665 
51 2.533049040511724 276.307036247335 -0.375999283467485 
54 2.2617354196301545 363.9345661450924 -0.4162969870293609 
55 2.261735419630157 363.93456614509256 -0.41629698702936047 
56 2.2617354196301536 363.9345661450925 -0.41629698702936113 
57 7.739406779661037 -1462.64830508475 -0.1284969428433005 
58 7.675460428073651 -1447.992035838721 -0.12955559534869843 
59 7.702453987730074 -1454.3374233128868 -0.12910659981691386 
60 14.452554744525624 -3659.474452554765 -0.06908181602098007 
61 15.47399411187436 -3943.0068694798756 -0.06453481626512048 
62 15.017751479289828 -3817.5621301774813 -0.06648970984152047 
63 23.052631578947505 -6642.000000000039 -0.043351816822549294 
64 23.41935483870972 -6753.096774193562 -0.04267380187827752 
65 23.052631578947686 -6642.000000000096 -0.04335181682254885 
66 32.72727272723563 -11058.54545453251 -0.03054605156260326 
67 43.19999999999808 -14717.999999999329 -0.02314401493398255 
68 41.999999999997854 -14297.999999999252 -0.023805026185071076 
69 -13.173387096774062 5581.548387096716 0.07576531374040085 
70 -13.31399564902089 5635.509789702628 0.07496816997449596 
71 -13.313995649021011 5635.509789702675 0.07496816997449529 
72 -7.851256281407136 3799.839195979944 0.1266860293695884 
73 -7.786516853932572 3771.842696629208 0.12772796240512618 
